(1, 1, 3) => 0
(1, 1, 4) => 0
(1, 1, 5) => 0
(1, 1, 6) => 0
(1, 1, 7) => 0
(1, 1, 8) => 0
(1, 1, 9) => 0
(1, 1, 10) => 0
(1, 1, 11) => 0

(1, 2, 3) => 1
(1, 2, 4) => 2
(1, 2, 5) => 6
(1, 2, 6) => 24
(1, 2, 7) => 120
(1, 2, 8) => 720
(1, 2, 9) => 5040
(1, 2, 10) => 40320
(1, 2, 11) => 362880

(1, 3, 3) => 1
(1, 3, 4) => 3 =
(1, 3, 5) => 11 = 3 * 3 + 2
(1, 3, 6) => 50 =  11 * 4 + 6
(1, 3, 7) => 274 = 50 * 5 + 24
(1, 3, 8) => 1764 = 274 * 6 + 120
(1, 3, 9) => 13068 = 1764 * 7 + (120 * 6)
(1, 3, 10) => 109584
(1, 3, 11) => 1026576

(1, 4, 4) => 1
(1, 4, 5) => 6
(1, 4, 6) => 35 = 6 * 4 + 11
(1, 4, 7) => 225 = 35 * 5 + 50
(1, 4, 8) => 1624 = 225 * 6 + 274
(1, 4, 9) => 13132 = 1624 * 7 + 1764
(1, 4, 10) => 118124
(1, 4, 11) => 1172700

(1, 5, 5) => 1
(1, 5, 6) => 10
(1, 5, 7) => 85 = 10 * 5 + 35
(1, 5, 8) => 735 = 85 * 6 + 225
(1, 5, 9) => 6769 = 735 * 7 + 1624
(1, 5, 10) => 67284
(1, 5, 11) => 723680

(1, 6, 6) => 1
(1, 6, 7) => 15
(1, 6, 8) => 175 = 15 * 6 + 85
(1, 6, 9) => 1960 = 175 * 7 + 735
(1, 6, 10) => 22449
(1, 6, 11) => 269325

(1, 7, 7) => 1
(1, 7, 8) => 21
(1, 7, 9) => 322 = 21 * 7 + 175
(1, 7, 10) => 4536
(1, 7, 11) => 63273

(1, 8, 8) => 1
(1, 8, 9) => 28
(1, 8, 10) => 546
(1, 8, 11) => 9450

(1, 9, 9) => 1
(1, 9, 10) => 36
(1, 9, 11) => 870

(1, 10, 10) => 1
(1, 10, 11) => 45

(1, 11, 11) => 1

(2, 1, 3) => 1
(2, 1, 4) => 2
(2, 1, 5) => 6
(2, 1, 6) => 24
(2, 1, 7) => 120
(2, 1, 8) => 720
(2, 1, 9) => 5040
(2, 1, 10) => 40320
(2, 1, 11) => 362880

(2, 2, 3) => 2
(2, 2, 4) => 6
(2, 2, 5) => 22 = 6 * 3 + 4
(2, 2, 6) => 100 = 22 * 4 + 12
(2, 2, 7) => 548 = 100 * 5 + 48
(2, 2, 8) => 3528 = 548 * 6 + (48 * 5)
(2, 2, 9) => 26136
(2, 2, 10) => 219168
(2, 2, 11) => 2053152

(2, 3, 3) => 0
(2, 3, 4) => 3
(2, 3, 5) => 18 = 3 * 3 + ((3 * 2) + (3 * 1))
(2, 3, 6) => 105 = 18 * 4 + ((9 * 3) + (3 * 2))
(2, 3, 7) => 675 = 105 * 5 + ((33 * 4) + (6 * 3))
(2, 3, 8) => 4872 = 675 * 6 + ((150 * 5) + (18 * 4))
(2, 3, 9) => 39396 = 4872 * 7 + ((822 * 6) + (72 * 5))
(2, 3, 10) => 354372 = 39396 * 8 + ((5292 * 7) + (360 * 6))
(2, 3, 11) => 3518100 = 354372 * 9 + ((39204 * 8) + (2160 * 7))  NOTE: 39204 = ((5292 * 7) + (360 * 6))
                                                                        2160 = 360 * 6

(2, 4, 4) => 0
(2, 4, 5) => 4
(2, 4, 6) => 40 = 4 * 4 + 24 = 4 * 4 + ((10 * 2) + (4 * 1))
(2, 4, 7) => 340 = 40 * 5 + 140 = 40 * 5 + ((44 * 3) + (4 * 2))
(2, 4, 8) => 2940 = 340 * 6 + 900 = 340 * 6 + ((219 * 4) + (8 * 3))
(2, 4, 9) => 27076 = 2940 * 7 + 6496 = 2940 * 7 + ((1280 * 5) + (24 * 4))
(2, 4, 10) => 269136 = 27076 * 8 + 52528 = 27076 * 8 + ((x * 6) + (96 * 5))
(2, 4, 11) => 2894720 = 269136 * 9 + 472496 = 269136 * 9 + ((x * 7) + (480 * 6))

(2, 5, 5) => 0
(2, 5, 6) => 5
(2, 5, 7) => 75
(2, 5, 8) => 875
(2, 5, 9) => 9800
(2, 5, 10) => 112245
(2, 5, 11) => 1346625

(2, 6, 6) => 0
(2, 6, 7) => 6
(2, 6, 8) => 126
(2, 6, 9) => 1932
(2, 6, 10) => 27216
(2, 6, 11) => 379638

(2, 7, 7) => 0
(2, 7, 8) => 7
(2, 7, 9) => 196
(2, 7, 10) => 3822
(2, 7, 11) => 66150

(2, 8, 8) => 0
(2, 8, 9) => 8
(2, 8, 10) => 288
(2, 8, 11) => 6960

(2, 9, 9) => 0
(2, 9, 10) => 9
(2, 9, 11) => 405

(2, 10, 10) => 0
(2, 10, 11) => 10

(2, 11, 11) => 0

(3, 1, 3) => 1
(3, 1, 4) => 3
(3, 1, 5) => 11
(3, 1, 6) => 50
(3, 1, 7) => 274
(3, 1, 8) => 1764
(3, 1, 9) => 13068
(3, 1, 10) => 109584
(3, 1, 11) => 1026576

(3, 2, 3) => 0
(3, 2, 4) => 3
(3, 2, 5) => 18
(3, 2, 6) => 105
(3, 2, 7) => 675
(3, 2, 8) => 4872
(3, 2, 9) => 39396
(3, 2, 10) => 354372
(3, 2, 11) => 3518100

(3, 3, 3) => 0
(3, 3, 4) => 0
(3, 3, 5) => 6
(3, 3, 6) => 60
(3, 3, 7) => 510
(3, 3, 8) => 4410
(3, 3, 9) => 40614
(3, 3, 10) => 403704
(3, 3, 11) => 4342080

(3, 4, 4) => 0
(3, 4, 5) => 0
(3, 4, 6) => 10
(3, 4, 7) => 150
(3, 4, 8) => 1750
(3, 4, 9) => 19600
(3, 4, 10) => 224490
(3, 4, 11) => 2693250

(3, 5, 5) => 0
(3, 5, 6) => 0
(3, 5, 7) => 15
(3, 5, 8) => 315
(3, 5, 9) => 4830
(3, 5, 10) => 68040
(3, 5, 11) => 949095

(3, 6, 6) => 0
(3, 6, 7) => 0
(3, 6, 8) => 21
(3, 6, 9) => 588
(3, 6, 10) => 11466
(3, 6, 11) => 198450

(3, 7, 7) => 0
(3, 7, 8) => 0
(3, 7, 9) => 28
(3, 7, 10) => 1008
(3, 7, 11) => 24360

(3, 8, 8) => 0
(3, 8, 9) => 0
(3, 8, 10) => 36
(3, 8, 11) => 1620

(3, 9, 9) => 0
(3, 9, 10) => 0
(3, 9, 11) => 45

(3, 10, 10) => 0
(3, 10, 11) => 0

(3, 11, 11) => 0

(4, 1, 4) => 1
(4, 1, 5) => 6
(4, 1, 6) => 35
(4, 1, 7) => 225
(4, 1, 8) => 1624
(4, 1, 9) => 13132
(4, 1, 10) => 118124
(4, 1, 11) => 1172700

(4, 2, 10) => 269136
(4, 2, 11) => 2894720
(4, 2, 4) => 0
(4, 2, 5) => 4
(4, 2, 6) => 40
(4, 2, 7) => 340
(4, 2, 8) => 2940
(4, 2, 9) => 27076

(4, 3, 4) => 0
(4, 3, 5) => 0
(4, 3, 6) => 10
(4, 3, 7) => 150
(4, 3, 8) => 1750
(4, 3, 9) => 19600
(4, 3, 10) => 224490
(4, 3, 11) => 2693250

(4, 4, 4) => 0
(4, 4, 5) => 0
(4, 4, 6) => 0
(4, 4, 7) => 20
(4, 4, 8) => 420
(4, 4, 9) => 6440
(4, 4, 10) => 90720
(4, 4, 11) => 1265460

(4, 5, 5) => 0
(4, 5, 6) => 0
(4, 5, 7) => 0
(4, 5, 8) => 35
(4, 5, 9) => 980
(4, 5, 10) => 19110
(4, 5, 11) => 330750

(4, 6, 6) => 0
(4, 6, 7) => 0
(4, 6, 8) => 0
(4, 6, 9) => 56
(4, 6, 10) => 2016
(4, 6, 11) => 48720

(4, 7, 7) => 0
(4, 7, 8) => 0
(4, 7, 9) => 0
(4, 7, 10) => 84
(4, 7, 11) => 3780

(4, 8, 8) => 0
(4, 8, 9) => 0
(4, 8, 10) => 0
(4, 8, 11) => 120

(4, 9, 9) => 0
(4, 9, 10) => 0
(4, 9, 11) => 0

(4, 10, 10) => 0
(4, 10, 11) => 0

(4, 11, 11) => 0

(5, 1, 5) => 1
(5, 1, 6) => 10
(5, 1, 7) => 85
(5, 1, 8) => 735
(5, 1, 9) => 6769
(5, 1, 10) => 67284
(5, 1, 11) => 723680

(5, 2, 5) => 0
(5, 2, 6) => 5
(5, 2, 7) => 75
(5, 2, 8) => 875
(5, 2, 9) => 9800
(5, 2, 10) => 112245
(5, 2, 11) => 1346625

(5, 3, 5) => 0
(5, 3, 6) => 0
(5, 3, 7) => 15
(5, 3, 8) => 315
(5, 3, 9) => 4830
(5, 3, 10) => 68040
(5, 3, 11) => 949095

(5, 4, 5) => 0
(5, 4, 6) => 0
(5, 4, 7) => 0
(5, 4, 8) => 35
(5, 4, 9) => 980
(5, 4, 10) => 19110
(5, 4, 11) => 330750

(5, 5, 5) => 0
(5, 5, 6) => 0
(5, 5, 7) => 0
(5, 5, 8) => 0
(5, 5, 9) => 70
(5, 5, 10) => 2520
(5, 5, 11) => 60900

(5, 6, 6) => 0
(5, 6, 7) => 0
(5, 6, 8) => 0
(5, 6, 9) => 0
(5, 6, 10) => 126
(5, 6, 11) => 5670

(5, 7, 7) => 0
(5, 7, 8) => 0
(5, 7, 9) => 0
(5, 7, 10) => 0
(5, 7, 11) => 210

(5, 8, 8) => 0
(5, 8, 9) => 0
(5, 8, 10) => 0
(5, 8, 11) => 0

(5, 9, 9) => 0
(5, 9, 10) => 0
(5, 9, 11) => 0

(5, 10, 10) => 0
(5, 10, 11) => 0

(5, 11, 11) => 0

(6, 1, 6) => 1
(6, 1, 7) => 15
(6, 1, 8) => 175
(6, 1, 9) => 1960
(6, 1, 10) => 22449
(6, 1, 11) => 269325

(6, 2, 10) => 27216
(6, 2, 11) => 379638
(6, 2, 6) => 0
(6, 2, 7) => 6
(6, 2, 8) => 126
(6, 2, 9) => 1932

(6, 3, 6) => 0
(6, 3, 7) => 0
(6, 3, 8) => 21
(6, 3, 9) => 588
(6, 3, 10) => 11466
(6, 3, 11) => 198450

(6, 4, 6) => 0
(6, 4, 7) => 0
(6, 4, 8) => 0
(6, 4, 9) => 56
(6, 4, 10) => 2016
(6, 4, 11) => 48720

(6, 5, 6) => 0
(6, 5, 7) => 0
(6, 5, 8) => 0
(6, 5, 9) => 0
(6, 5, 10) => 126
(6, 5, 11) => 5670

(6, 6, 6) => 0
(6, 6, 7) => 0
(6, 6, 8) => 0
(6, 6, 9) => 0
(6, 6, 10) => 0
(6, 6, 11) => 252

(6, 7, 7) => 0
(6, 7, 8) => 0
(6, 7, 9) => 0
(6, 7, 10) => 0
(6, 7, 11) => 0

(6, 8, 8) => 0
(6, 8, 9) => 0
(6, 8, 10) => 0
(6, 8, 11) => 0

(6, 9, 9) => 0
(6, 9, 10) => 0
(6, 9, 11) => 0

(6, 10, 10) => 0
(6, 10, 11) => 0

(6, 11, 11) => 0

(7, 1, 7) => 1
(7, 1, 8) => 21
(7, 1, 9) => 322
(7, 1, 10) => 4536
(7, 1, 11) => 63273

(7, 2, 7) => 0
(7, 2, 8) => 7
(7, 2, 9) => 196
(7, 2, 10) => 3822
(7, 2, 11) => 66150

(7, 3, 7) => 0
(7, 3, 8) => 0
(7, 3, 9) => 28
(7, 3, 10) => 1008
(7, 3, 11) => 24360

(7, 4, 7) => 0
(7, 4, 8) => 0
(7, 4, 9) => 0
(7, 4, 10) => 84
(7, 4, 11) => 3780

(7, 5, 7) => 0
(7, 5, 8) => 0
(7, 5, 9) => 0
(7, 5, 10) => 0
(7, 5, 11) => 210

(7, 6, 7) => 0
(7, 6, 8) => 0
(7, 6, 9) => 0
(7, 6, 10) => 0
(7, 6, 11) => 0

(7, 7, 7) => 0
(7, 7, 8) => 0
(7, 7, 9) => 0
(7, 7, 10) => 0
(7, 7, 11) => 0

(7, 8, 8) => 0
(7, 8, 9) => 0
(7, 8, 10) => 0
(7, 8, 11) => 0

(7, 9, 9) => 0
(7, 9, 10) => 0
(7, 9, 11) => 0

(7, 10, 10) => 0
(7, 10, 11) => 0

(7, 11, 11) => 0

(8, 1, 8) => 1
(8, 1, 9) => 28
(8, 1, 10) => 546
(8, 1, 11) => 9450
(8, 2, 10) => 288
(8, 2, 11) => 6960
(8, 2, 8) => 0
(8, 2, 9) => 8
(8, 3, 10) => 36
(8, 3, 11) => 1620
(8, 3, 8) => 0
(8, 3, 9) => 0
(8, 4, 10) => 0
(8, 4, 11) => 120
(8, 4, 8) => 0
(8, 4, 9) => 0
(8, 5, 10) => 0
(8, 5, 11) => 0
(8, 5, 8) => 0
(8, 5, 9) => 0
(8, 6, 10) => 0
(8, 6, 11) => 0
(8, 6, 8) => 0
(8, 6, 9) => 0
(8, 7, 10) => 0
(8, 7, 11) => 0
(8, 7, 8) => 0
(8, 7, 9) => 0
(8, 8, 10) => 0
(8, 8, 11) => 0
(8, 8, 8) => 0
(8, 8, 9) => 0
(8, 9, 10) => 0
(8, 9, 11) => 0
(8, 9, 9) => 0
(8, 10, 10) => 0
(8, 10, 11) => 0
(8, 11, 11) => 0

(9, 1, 9) => 1
(9, 1, 10) => 36
(9, 1, 11) => 870
(9, 2, 10) => 9
(9, 2, 11) => 405
(9, 2, 9) => 0
(9, 3, 10) => 0
(9, 3, 11) => 45
(9, 3, 9) => 0
(9, 4, 10) => 0
(9, 4, 11) => 0
(9, 4, 9) => 0
(9, 5, 10) => 0
(9, 5, 11) => 0
(9, 5, 9) => 0
(9, 6, 10) => 0
(9, 6, 11) => 0
(9, 6, 9) => 0
(9, 7, 10) => 0
(9, 7, 11) => 0
(9, 7, 9) => 0
(9, 8, 10) => 0
(9, 8, 11) => 0
(9, 8, 9) => 0
(9, 9, 10) => 0
(9, 9, 11) => 0
(9, 9, 9) => 0
(9, 10, 10) => 0
(9, 10, 11) => 0
(9, 11, 11) => 0

(10, 1, 10) => 1
(10, 1, 11) => 45
(10, 2, 10) => 0
(10, 2, 11) => 10
(10, 3, 10) => 0
(10, 3, 11) => 0
(10, 4, 10) => 0
(10, 4, 11) => 0
(10, 5, 10) => 0
(10, 5, 11) => 0
(10, 6, 10) => 0
(10, 6, 11) => 0
(10, 7, 10) => 0
(10, 7, 11) => 0
(10, 8, 10) => 0
(10, 8, 11) => 0
(10, 9, 10) => 0
(10, 9, 11) => 0
(10, 10, 10) => 0
(10, 10, 11) => 0
(10, 11, 11) => 0

(11, 1, 11) => 1
(11, 2, 11) => 0
(11, 3, 11) => 0
(11, 4, 11) => 0
(11, 5, 11) => 0
(11, 6, 11) => 0
(11, 7, 11) => 0
(11, 8, 11) => 0
(11, 9, 11) => 0
(11, 10, 11) => 0
(11, 11, 11) => 0
